phenotype_id	variant_id	start_distance	af	ma_samples	ma_count	pval_nominal	slope	slope_se	pval_nominal_threshold	min_pval_nominal	pval_beta
ENSG00000144891.17	chr3_148261865_C_T_b38	-435919	0.0815534	76	84	2.835940953021419e-05	-0.28548905	0.067487895	0.0002073410377549	3.461930459185975e-08	8.777825128793765e-05
ENSG00000144891.17	chr3_148265705_TTTTG_T_b38	-432079	0.08219178	76	84	2.3448473949402385e-05	-0.2876338	0.06729009	0.0002073410377549	3.461930459185975e-08	8.777825128793765e-05
ENSG00000144891.17	chr3_148266472_G_C_b38	-431312	0.07961165	74	82	0.0001349698535088269	-0.2625959	0.06819143	0.0002073410377549	3.461930459185975e-08	8.777825128793765e-05
ENSG00000144891.17	chr3_148317764_C_T_b38	-380020	0.08058253	75	83	0.0001861928846360272	-0.25679284	0.068138205	0.0002073410377549	3.461930459185975e-08	8.777825128793765e-05
ENSG00000144891.17	chr3_148328241_C_T_b38	-369543	0.08349515	79	86	4.294470681696982e-05	-0.2794366	0.06762475	0.0002073410377549	3.461930459185975e-08	8.777825128793765e-05
ENSG00000144891.17	chr3_148419293_C_G_b38	-278491	0.07864078	76	81	2.636499094403307e-06	-0.33536497	0.070472	0.0002073410377549	3.461930459185975e-08	8.777825128793765e-05
ENSG00000144891.17	chr3_148420224_G_C_b38	-277560	0.07961165	77	82	5.204451018351176e-06	-0.32410443	0.070263855	0.0002073410377549	3.461930459185975e-08	8.777825128793765e-05
ENSG00000144891.17	chr3_148454462_T_C_b38	-243322	0.9194831	75	83	5.987571137930676e-07	0.35097057	0.06929024	0.0002073410377549	3.461930459185975e-08	8.777825128793765e-05
ENSG00000144891.17	chr3_148465026_T_C_b38	-232758	0.915534	81	87	6.137633134145879e-07	0.3389975	0.06699247	0.0002073410377549	3.461930459185975e-08	8.777825128793765e-05
ENSG00000144891.17	chr3_148468889_C_A_b38	-228895	0.91437006	81	89	3.3998052988376333e-07	0.34742638	0.067093685	0.0002073410377549	3.461930459185975e-08	8.777825128793765e-05
ENSG00000144891.17	chr3_148469636_G_A_b38	-228148	0.90234375	92	101	4.607338797870387e-08	0.34361905	0.06177887	0.0002073410377549	3.461930459185975e-08	8.777825128793765e-05
ENSG00000144891.17	chr3_148470843_G_A_b38	-226941	0.91423005	82	89	2.6340984482258013e-07	0.34860918	0.06667456	0.0002073410377549	3.461930459185975e-08	8.777825128793765e-05
ENSG00000144891.17	chr3_148473958_C_A_b38	-223826	0.9145631	82	88	2.476966225704858e-07	0.3493422	0.06666097	0.0002073410377549	3.461930459185975e-08	8.777825128793765e-05
ENSG00000144891.17	chr3_148474790_C_T_b38	-222994	0.9145631	82	88	2.476966225704858e-07	0.3493422	0.06666097	0.0002073410377549	3.461930459185975e-08	8.777825128793765e-05
ENSG00000144891.17	chr3_148474928_A_G_b38	-222856	0.9019418	93	101	3.461929771141924e-08	0.34446108	0.06134425	0.0002073410377549	3.461930459185975e-08	8.777825128793765e-05
ENSG00000144891.17	chr3_148474977_C_T_b38	-222807	0.91747576	79	85	4.267523809792337e-07	0.34844387	0.067881934	0.0002073410377549	3.461930459185975e-08	8.777825128793765e-05
ENSG00000144891.17	chr3_148476035_T_A_b38	-221749	0.91389436	82	89	2.3279282697777377e-07	0.35038254	0.06670487	0.0002073410377549	3.461930459185975e-08	8.777825128793765e-05
ENSG00000144891.17	chr3_148476698_G_A_b38	-221086	0.90176815	92	102	4.5156462328601726e-08	0.3434257	0.0617025	0.0002073410377549	3.461930459185975e-08	8.777825128793765e-05
ENSG00000144891.17	chr3_148481582_A_C_b38	-216202	0.90606654	90	97	1.0855114688469662e-06	0.32221022	0.06517007	0.0002073410377549	3.461930459185975e-08	8.777825128793765e-05
ENSG00000144891.17	chr3_148481940_T_G_b38	-215844	0.915534	81	87	2.9763123971173303e-06	0.32018614	0.06764889	0.0002073410377549	3.461930459185975e-08	8.777825128793765e-05
ENSG00000144891.17	chr3_148484395_A_AGATT_b38	-213389	0.91437006	81	89	3.1074838477979854e-06	0.31894103	0.06751706	0.0002073410377549	3.461930459185975e-08	8.777825128793765e-05
ENSG00000144891.17	chr3_148486848_T_G_b38	-210936	0.90564203	91	98	3.9203176211221005e-06	0.30326888	0.06488374	0.0002073410377549	3.461930459185975e-08	8.777825128793765e-05
ENSG00000144891.17	chr3_148487968_T_A_b38	-209816	0.9048544	92	98	3.281294315155714e-06	0.30464554	0.06465	0.0002073410377549	3.461930459185975e-08	8.777825128793765e-05
ENSG00000144891.17	chr3_148495609_G_A_b38	-202175	0.9050881	91	98	2.4904302765227206e-06	0.30973294	0.064921	0.0002073410377549	3.461930459185975e-08	8.777825128793765e-05
ENSG00000144891.17	chr3_148498623_A_G_b38	-199161	0.904902	91	98	2.453946796559606e-06	0.30978703	0.06488985	0.0002073410377549	3.461930459185975e-08	8.777825128793765e-05
ENSG00000144891.17	chr3_148501464_C_T_b38	-196320	0.89417475	101	109	1.3081481632814495e-07	0.32646123	0.060856223	0.0002073410377549	3.461930459185975e-08	8.777825128793765e-05
ENSG00000144891.17	chr3_148502318_C_T_b38	-195466	0.89417475	101	109	1.3081481632814495e-07	0.32646123	0.060856223	0.0002073410377549	3.461930459185975e-08	8.777825128793765e-05
ENSG00000144891.17	chr3_148502576_TCA_T_b38	-195208	0.8920234	102	112	1.3275926091196224e-06	0.29603344	0.06038276	0.0002073410377549	3.461930459185975e-08	8.777825128793765e-05
ENSG00000144891.17	chr3_148502826_A_G_b38	-194958	0.89468503	100	109	2.118484535445437e-05	0.2684689	0.062463187	0.0002073410377549	3.461930459185975e-08	8.777825128793765e-05
ENSG00000144891.17	chr3_148503200_G_C_b38	-194584	0.8921162	95	112	1.2449290441671546e-06	0.30479836	0.062002447	0.0002073410377549	3.461930459185975e-08	8.777825128793765e-05
ENSG00000144891.17	chr3_148503626_T_C_b38	-194158	0.89396894	101	110	1.2715282701397624e-07	0.32679492	0.060856543	0.0002073410377549	3.461930459185975e-08	8.777825128793765e-05
ENSG00000144891.17	chr3_148504630_C_CT_b38	-193154	0.89396894	101	110	1.1759245709806353e-07	0.32741904	0.060802985	0.0002073410377549	3.461930459185975e-08	8.777825128793765e-05
ENSG00000144891.17	chr3_148504914_C_T_b38	-192870	0.89417475	101	109	1.3081481632814495e-07	0.32646123	0.060856223	0.0002073410377549	3.461930459185975e-08	8.777825128793765e-05
ENSG00000144891.17	chr3_148505292_T_G_b38	-192492	0.8925781	101	111	9.505145294015787e-07	0.30093646	0.060533762	0.0002073410377549	3.461930459185975e-08	8.777825128793765e-05
ENSG00000144891.17	chr3_148505570_A_G_b38	-192214	0.88222694	102	122	4.117282560545169e-08	0.34294394	0.061426077	0.0002073410377549	3.461930459185975e-08	8.777825128793765e-05
ENSG00000144891.17	chr3_148506042_G_A_b38	-191742	0.8949417	100	109	4.369963887773872e-08	0.3397293	0.06097141	0.0002073410377549	3.461930459185975e-08	8.777825128793765e-05
ENSG00000144891.17	chr3_148506448_TC_T_b38	-191336	0.89417475	101	109	1.3081481632814495e-07	0.32646123	0.060856223	0.0002073410377549	3.461930459185975e-08	8.777825128793765e-05
ENSG00000144891.17	chr3_148507416_G_C_b38	-190368	0.89417475	101	109	1.3081481632814495e-07	0.32646123	0.060856223	0.0002073410377549	3.461930459185975e-08	8.777825128793765e-05
ENSG00000144891.17	chr3_148507482_G_A_b38	-190302	0.892233	102	111	1.263314494773448e-06	0.29659432	0.060370766	0.0002073410377549	3.461930459185975e-08	8.777825128793765e-05
ENSG00000144891.17	chr3_148507560_T_C_b38	-190224	0.8949417	100	109	1.3311039238829393e-07	0.3281448	0.061208222	0.0002073410377549	3.461930459185975e-08	8.777825128793765e-05
ENSG00000144891.17	chr3_148507648_T_C_b38	-190136	0.8949417	100	109	8.928635872503176e-08	0.33126083	0.060921833	0.0002073410377549	3.461930459185975e-08	8.777825128793765e-05
ENSG00000144891.17	chr3_148509085_G_A_b38	-188699	0.90255904	93	101	1.6042912622849862e-06	0.31351557	0.06446567	0.0002073410377549	3.461930459185975e-08	8.777825128793765e-05
ENSG00000144891.17	chr3_148509113_T_A_b38	-188671	0.8927166	100	111	3.1822192934189757e-06	0.28772134	0.060973633	0.0002073410377549	3.461930459185975e-08	8.777825128793765e-05
ENSG00000144891.17	chr3_148510480_T_C_b38	-187304	0.89400005	97	110	1.3639081157568776e-06	0.30129635	0.061526395	0.0002073410377549	3.461930459185975e-08	8.777825128793765e-05
ENSG00000144891.17	chr3_148510623_G_A_b38	-187161	0.8917323	101	112	1.9134127049678902e-06	0.2933916	0.06078817	0.0002073410377549	3.461930459185975e-08	8.777825128793765e-05
ENSG00000144891.17	chr3_148510716_CAT_C_b38	-187068	0.89541835	97	108	7.610423044024295e-06	0.28241518	0.062352914	0.0002073410377549	3.461930459185975e-08	8.777825128793765e-05
ENSG00000144891.17	chr3_148511021_A_G_b38	-186763	0.8928572	100	111	1.316486237865722e-07	0.32767037	0.061095532	0.0002073410377549	3.461930459185975e-08	8.777825128793765e-05
ENSG00000144891.17	chr3_148511637_ACT_A_b38	-186147	0.892233	102	111	1.263314494773448e-06	0.29659432	0.060370766	0.0002073410377549	3.461930459185975e-08	8.777825128793765e-05
ENSG00000144891.17	chr3_148512784_T_G_b38	-185000	0.9029126	94	100	9.363286322084924e-07	0.31868216	0.06406369	0.0002073410377549	3.461930459185975e-08	8.777825128793765e-05
ENSG00000144891.17	chr3_148514652_C_T_b38	-183132	0.907767	88	95	1.9446375123557912e-06	0.30910662	0.064089276	0.0002073410377549	3.461930459185975e-08	8.777825128793765e-05
ENSG00000144891.17	chr3_148515076_A_ATCT_b38	-182708	0.89417475	101	109	1.3081481632814495e-07	0.32646123	0.060856223	0.0002073410377549	3.461930459185975e-08	8.777825128793765e-05
ENSG00000144891.17	chr3_148515324_A_C_b38	-182460	0.8913894	102	112	1.0696280056328964e-06	0.29880184	0.0603985	0.0002073410377549	3.461930459185975e-08	8.777825128793765e-05
ENSG00000144891.17	chr3_148516527_C_T_b38	-181257	0.9042969	92	99	1.179830051621623e-06	0.3180995	0.064562626	0.0002073410377549	3.461930459185975e-08	8.777825128793765e-05
ENSG00000144891.17	chr3_148517911_A_G_b38	-179873	0.89299613	101	111	1.2538385306569822e-06	0.29746783	0.0605294	0.0002073410377549	3.461930459185975e-08	8.777825128793765e-05
ENSG00000144891.17	chr3_148518066_T_C_b38	-179718	0.89417475	101	109	1.3081481632814495e-07	0.32646123	0.060856223	0.0002073410377549	3.461930459185975e-08	8.777825128793765e-05
ENSG00000144891.17	chr3_148518310_T_G_b38	-179474	0.892233	102	111	1.263314494773448e-06	0.29659432	0.060370766	0.0002073410377549	3.461930459185975e-08	8.777825128793765e-05
ENSG00000144891.17	chr3_148518729_C_G_b38	-179055	0.8912622	103	112	1.674179806032066e-06	0.29218957	0.060190644	0.0002073410377549	3.461930459185975e-08	8.777825128793765e-05
ENSG00000144891.17	chr3_148518788_A_G_b38	-178996	0.89417475	101	109	1.3081481632814495e-07	0.32646123	0.060856223	0.0002073410377549	3.461930459185975e-08	8.777825128793765e-05
ENSG00000144891.17	chr3_148519331_G_A_b38	-178453	0.89417475	101	109	1.3081481632814495e-07	0.32646123	0.060856223	0.0002073410377549	3.461930459185975e-08	8.777825128793765e-05
ENSG00000144891.17	chr3_148520096_C_T_b38	-177688	0.89417475	101	109	1.3081481632814495e-07	0.32646123	0.060856223	0.0002073410377549	3.461930459185975e-08	8.777825128793765e-05
ENSG00000144891.17	chr3_148521819_A_G_b38	-175965	0.892233	102	111	1.263314494773448e-06	0.29659432	0.060370766	0.0002073410377549	3.461930459185975e-08	8.777825128793765e-05
ENSG00000144891.17	chr3_148522042_T_C_b38	-175742	0.8949417	100	109	1.7961766033892303e-07	0.32419822	0.061132096	0.0002073410377549	3.461930459185975e-08	8.777825128793765e-05
ENSG00000144891.17	chr3_148522420_C_A_b38	-175364	0.892233	102	111	1.263314494773448e-06	0.29659432	0.060370766	0.0002073410377549	3.461930459185975e-08	8.777825128793765e-05
ENSG00000144891.17	chr3_148525090_C_G_b38	-172694	0.892233	102	111	1.263314494773448e-06	0.29659432	0.060370766	0.0002073410377549	3.461930459185975e-08	8.777825128793765e-05
ENSG00000144891.17	chr3_148525615_A_G_b38	-172169	0.9126214	84	90	6.267746932607989e-07	0.33646286	0.06654722	0.0002073410377549	3.461930459185975e-08	8.777825128793765e-05
ENSG00000144891.17	chr3_148525678_C_T_b38	-172106	0.892233	102	111	1.263314494773448e-06	0.29659432	0.060370766	0.0002073410377549	3.461930459185975e-08	8.777825128793765e-05
ENSG00000144891.17	chr3_148525785_G_C_b38	-171999	0.892233	102	111	1.263314494773448e-06	0.29659432	0.060370766	0.0002073410377549	3.461930459185975e-08	8.777825128793765e-05
ENSG00000144891.17	chr3_148526123_G_A_b38	-171661	0.9029126	94	100	9.363286322084924e-07	0.31868216	0.06406369	0.0002073410377549	3.461930459185975e-08	8.777825128793765e-05
ENSG00000144891.17	chr3_148526132_G_A_b38	-171652	0.892233	102	111	1.263314494773448e-06	0.29659432	0.060370766	0.0002073410377549	3.461930459185975e-08	8.777825128793765e-05
ENSG00000144891.17	chr3_148526428_A_G_b38	-171356	0.8910506	103	113	1.002060091757679e-06	0.29759264	0.059991676	0.0002073410377549	3.461930459185975e-08	8.777825128793765e-05
ENSG00000144891.17	chr3_148527201_A_G_b38	-170583	0.8891051	105	115	1.6617545375490947e-06	0.2900278	0.059726194	0.0002073410377549	3.461930459185975e-08	8.777825128793765e-05
ENSG00000144891.17	chr3_148527785_A_C_b38	-169999	0.89041096	104	113	1.798347147928116e-07	0.31925666	0.060202956	0.0002073410377549	3.461930459185975e-08	8.777825128793765e-05
ENSG00000144891.17	chr3_148527927_GTTGT_G_b38	-169857	0.88986355	104	114	1.6498232358044788e-06	0.29113582	0.059935816	0.0002073410377549	3.461930459185975e-08	8.777825128793765e-05
ENSG00000144891.17	chr3_148528216_T_C_b38	-169568	0.8888889	105	115	1.8923558941148869e-06	0.28867248	0.05978167	0.0002073410377549	3.461930459185975e-08	8.777825128793765e-05
ENSG00000144891.17	chr3_148528560_G_A_b38	-169224	0.88932043	105	114	1.795993292476001e-06	0.28912804	0.059740596	0.0002073410377549	3.461930459185975e-08	8.777825128793765e-05
ENSG00000144891.17	chr3_148528880_G_A_b38	-168904	0.88932043	105	114	1.795993292476001e-06	0.28912804	0.059740596	0.0002073410377549	3.461930459185975e-08	8.777825128793765e-05
ENSG00000144891.17	chr3_148529532_T_G_b38	-168252	0.8900778	104	114	2.465621867840183e-06	0.28657067	0.060039446	0.0002073410377549	3.461930459185975e-08	8.777825128793765e-05
ENSG00000144891.17	chr3_148531038_A_G_b38	-166746	0.8923679	103	111	2.4245902748672793e-07	0.32417947	0.06181008	0.0002073410377549	3.461930459185975e-08	8.777825128793765e-05
ENSG00000144891.17	chr3_148531565_C_T_b38	-166219	0.88986355	104	114	1.9742654737319676e-06	0.28881496	0.059921492	0.0002073410377549	3.461930459185975e-08	8.777825128793765e-05
ENSG00000144891.17	chr3_148532768_TG_T_b38	-165016	0.88986355	104	114	2.1747325735027645e-06	0.28759673	0.059921607	0.0002073410377549	3.461930459185975e-08	8.777825128793765e-05
ENSG00000144891.17	chr3_148533507_A_G_b38	-164277	0.8891051	105	115	1.9298899875082203e-06	0.28839043	0.059774246	0.0002073410377549	3.461930459185975e-08	8.777825128793765e-05
ENSG00000144891.17	chr3_148533594_C_G_b38	-164190	0.8891051	105	115	1.4666912985734867e-06	0.29147905	0.059705425	0.0002073410377549	3.461930459185975e-08	8.777825128793765e-05
ENSG00000144891.17	chr3_148533729_C_T_b38	-164055	0.8918129	104	112	2.531124513899293e-06	0.29135308	0.061112497	0.0002073410377549	3.461930459185975e-08	8.777825128793765e-05
ENSG00000144891.17	chr3_148533856_T_A_b38	-163928	0.88932043	105	114	1.795993292476001e-06	0.28912804	0.059740596	0.0002073410377549	3.461930459185975e-08	8.777825128793765e-05
ENSG00000144891.17	chr3_148534049_T_G_b38	-163735	0.90000004	97	103	1.4519164170246082e-06	0.30869773	0.063205205	0.0002073410377549	3.461930459185975e-08	8.777825128793765e-05
ENSG00000144891.17	chr3_148534459_A_C_b38	-163325	0.8832685	112	121	0.00010186605748282022	0.23184025	0.059119668	0.0002073410377549	3.461930459185975e-08	8.777825128793765e-05
ENSG00000144891.17	chr3_148539519_C_A_b38	-158265	0.8960396	99	108	2.3421753214340107e-06	0.3007518	0.06286748	0.0002073410377549	3.461930459185975e-08	8.777825128793765e-05
ENSG00000144891.17	chr3_148540052_G_GT_b38	-157732	0.8984375	98	105	3.457829738693542e-06	0.29629374	0.06302772	0.0002073410377549	3.461930459185975e-08	8.777825128793765e-05
ENSG00000144891.17	chr3_148540427_G_C_b38	-157357	0.8822957	110	122	1.0683803241661116e-06	0.28785384	0.058182698	0.0002073410377549	3.461930459185975e-08	8.777825128793765e-05
ENSG00000144891.17	chr3_148548941_C_CA_b38	-148843	0.71203154	266	297	0.00020086005780121246	0.16373502	0.043672856	0.0002073410377549	3.461930459185975e-08	8.777825128793765e-05
ENSG00000144891.17	chr3_148549032_C_T_b38	-148752	0.8203884	174	185	0.0001919669482807387	0.19486086	0.051813263	0.0002073410377549	3.461930459185975e-08	8.777825128793765e-05
ENSG00000144891.17	chr3_148573914_C_T_b38	-123870	0.8485437	148	156	0.0002029842755936483	0.20817588	0.05556688	0.0002073410377549	3.461930459185975e-08	8.777825128793765e-05
ENSG00000144891.17	chr3_148574975_A_G_b38	-122809	0.92038834	77	82	1.1187018078029327e-06	0.34578133	0.07002529	0.0002073410377549	3.461930459185975e-08	8.777825128793765e-05
ENSG00000144891.17	chr3_148583965_T_C_b38	-113819	0.9199219	77	83	6.609528361070613e-07	0.3525906	0.069885276	0.0002073410377549	3.461930459185975e-08	8.777825128793765e-05
ENSG00000144891.17	chr3_148589154_G_GAAA_b38	-108630	0.9207317	73	82	4.86978069750463e-06	0.33102	0.07153894	0.0002073410377549	3.461930459185975e-08	8.777825128793765e-05
ENSG00000144891.17	chr3_148595344_T_A_b38	-102440	0.92300004	72	80	1.6872350055738086e-05	0.3128098	0.07190476	0.0002073410377549	3.461930459185975e-08	8.777825128793765e-05
ENSG00000144891.17	chr3_148600571_T_C_b38	-97213	0.923301	75	79	1.4908218815890475e-05	0.3158354	0.072132334	0.0002073410377549	3.461930459185975e-08	8.777825128793765e-05
ENSG00000144891.17	chr3_148720351_T_TC_b38	22567	0.8715953	120	133	0.00010995570645971656	-0.2189793	0.056113247	0.0002073410377549	3.461930459185975e-08	8.777825128793765e-05
ENSG00000144891.17	chr3_148853354_A_G_b38	155570	0.42912623	348	442	7.955667064656962e-05	-0.15741971	0.039525226	0.0002073410377549	3.461930459185975e-08	8.777825128793765e-05
ENSG00000144891.17	chr3_148854166_A_G_b38	156382	0.63300973	305	378	3.527963235761404e-05	-0.16845077	0.040310167	0.0002073410377549	3.461930459185975e-08	8.777825128793765e-05
ENSG00000144891.17	chr3_148856401_A_G_b38	158617	0.631323	309	380	8.455503868563188e-05	-0.16188551	0.040800363	0.0002073410377549	3.461930459185975e-08	8.777825128793765e-05
ENSG00000144891.17	chr3_148857369_C_T_b38	159585	0.5271845	374	487	0.00011452428692409085	-0.15921335	0.0409052	0.0002073410377549	3.461930459185975e-08	8.777825128793765e-05
ENSG00000144891.17	chr3_148857654_C_T_b38	159870	0.5365112	376	478	5.292953613928821e-05	-0.16853559	0.041287296	0.0002073410377549	3.461930459185975e-08	8.777825128793765e-05
ENSG00000144891.17	chr3_148863092_A_G_b38	165308	0.62768036	314	384	8.940390657913725e-05	-0.1635998	0.04137618	0.0002073410377549	3.461930459185975e-08	8.777825128793765e-05
ENSG00000144891.17	chr3_148863372_A_C_b38	165588	0.62815535	313	383	0.00010834792420818058	-0.16117106	0.04126097	0.0002073410377549	3.461930459185975e-08	8.777825128793765e-05
ENSG00000144891.17	chr3_148868540_C_T_b38	170756	0.55145633	354	462	6.357503101455467e-05	-0.16838261	0.04170326	0.0002073410377549	3.461930459185975e-08	8.777825128793765e-05
ENSG00000144891.17	chr3_148869427_A_G_b38	171643	0.628655	313	383	8.504456583838446e-05	-0.16426757	0.0414156	0.0002073410377549	3.461930459185975e-08	8.777825128793765e-05
ENSG00000144891.17	chr3_148869445_T_A_b38	171661	0.62912625	312	382	7.399828699918668e-05	-0.165295	0.041318003	0.0002073410377549	3.461930459185975e-08	8.777825128793765e-05
ENSG00000144891.17	chr3_148869702_T_C_b38	171918	0.62912625	312	382	7.399828699918668e-05	-0.165295	0.041318003	0.0002073410377549	3.461930459185975e-08	8.777825128793765e-05
ENSG00000144891.17	chr3_148870720_T_C_b38	172936	0.6262231	315	385	0.0001388919475521521	-0.16033125	0.041713737	0.0002073410377549	3.461930459185975e-08	8.777825128793765e-05
ENSG00000144891.17	chr3_148871641_C_G_b38	173857	0.6167315	326	395	7.68051437094196e-05	-0.16245422	0.04070086	0.0002073410377549	3.461930459185975e-08	8.777825128793765e-05
ENSG00000144891.17	chr3_148871675_G_A_b38	173891	0.6164384	327	396	5.976286796640604e-05	-0.1650938	0.040737163	0.0002073410377549	3.461930459185975e-08	8.777825128793765e-05
ENSG00000144891.17	chr3_148871703_C_T_b38	173919	0.6157588	327	396	0.00010130361977774448	-0.1599574	0.040775064	0.0002073410377549	3.461930459185975e-08	8.777825128793765e-05
ENSG00000144891.17	chr3_148871745_T_C_b38	173961	0.615534	326	396	6.309293470894268e-05	-0.16350631	0.040476985	0.0002073410377549	3.461930459185975e-08	8.777825128793765e-05
ENSG00000144891.17	chr3_148879695_T_G_b38	181911	0.577821	347	435	0.0001375565942012667	-0.15192994	0.03950279	0.0002073410377549	3.461930459185975e-08	8.777825128793765e-05
ENSG00000144891.17	chr3_148880271_G_A_b38	182487	0.57563853	351	438	6.418068020509568e-05	-0.16008817	0.03967165	0.0002073410377549	3.461930459185975e-08	8.777825128793765e-05
ENSG00000144891.17	chr3_148884712_G_A_b38	186928	0.572549	352	441	0.00020389230037981337	-0.14820507	0.039571516	0.0002073410377549	3.461930459185975e-08	8.777825128793765e-05
ENSG00000144891.17	chr3_148891258_T_C_b38	193474	0.4970874	378	512	0.00016113707885046492	-0.15220523	0.039993018	0.0002073410377549	3.461930459185975e-08	8.777825128793765e-05
ENSG00000144891.17	chr3_148892856_T_TAGTCCCGGCTACTTGGGAGGCTG_b38	195072	0.5984406	335	414	0.00020702230873524783	-0.1529281	0.040875673	0.0002073410377549	3.461930459185975e-08	8.777825128793765e-05
ENSG00000144891.17	chr3_148892884_G_T_b38	195100	0.5224033	381	492	0.00012162662416292758	-0.16178666	0.04172841	0.0002073410377549	3.461930459185975e-08	8.777825128793765e-05
ENSG00000144891.17	chr3_148897003_T_C_b38	199219	0.54970765	360	464	9.68647765358597e-06	-0.17847303	0.03987591	0.0002073410377549	3.461930459185975e-08	8.777825128793765e-05
ENSG00000144891.17	chr3_148897108_T_A_b38	199324	0.5496109	360	464	9.698561510215102e-06	-0.1784414	0.039871324	0.0002073410377549	3.461930459185975e-08	8.777825128793765e-05
ENSG00000144891.17	chr3_148897837_T_C_b38	200053	0.54863816	361	465	8.988830633708031e-06	-0.1793464	0.039922405	0.0002073410377549	3.461930459185975e-08	8.777825128793765e-05
ENSG00000144891.17	chr3_148897908_G_A_b38	200124	0.548733	361	465	8.632819230911886e-06	-0.17970023	0.039921295	0.0002073410377549	3.461930459185975e-08	8.777825128793765e-05
ENSG00000144891.17	chr3_148898017_C_G_b38	200233	0.548733	361	465	7.90222597059264e-06	-0.1805535	0.03993683	0.0002073410377549	3.461930459185975e-08	8.777825128793765e-05
ENSG00000144891.17	chr3_148898152_A_C_b38	200368	0.55728155	359	456	7.453534990981527e-06	-0.18039042	0.039786983	0.0002073410377549	3.461930459185975e-08	8.777825128793765e-05
ENSG00000144891.17	chr3_148898169_CACTT_C_b38	200385	0.5495146	360	464	1.0177993730353641e-05	-0.17801498	0.03987213	0.0002073410377549	3.461930459185975e-08	8.777825128793765e-05
ENSG00000144891.17	chr3_148898295_A_G_b38	200511	0.5506823	360	463	8.389134174030738e-06	-0.1802876	0.03999528	0.0002073410377549	3.461930459185975e-08	8.777825128793765e-05
ENSG00000144891.17	chr3_148898487_C_G_b38	200703	0.5496109	360	464	9.89964974801422e-06	-0.17824765	0.03986887	0.0002073410377549	3.461930459185975e-08	8.777825128793765e-05
ENSG00000144891.17	chr3_148898697_G_A_b38	200913	0.5448343	361	469	1.0788052923295548e-05	-0.18030342	0.040503	0.0002073410377549	3.461930459185975e-08	8.777825128793765e-05
ENSG00000144891.17	chr3_148898796_T_C_b38	201012	0.56128407	355	452	7.632044349665354e-06	-0.17706613	0.039098885	0.0002073410377549	3.461930459185975e-08	8.777825128793765e-05
ENSG00000144891.17	chr3_148898878_A_G_b38	201094	0.56128407	355	452	7.96653064560291e-06	-0.17670637	0.039101403	0.0002073410377549	3.461930459185975e-08	8.777825128793765e-05
ENSG00000144891.17	chr3_148898987_G_A_b38	201203	0.5625	356	451	3.195683118799119e-05	-0.16539611	0.03935942	0.0002073410377549	3.461930459185975e-08	8.777825128793765e-05
ENSG00000144891.17	chr3_148899113_G_A_b38	201329	0.5607843	357	453	1.237446350888051e-05	-0.17410877	0.039384477	0.0002073410377549	3.461930459185975e-08	8.777825128793765e-05
ENSG00000144891.17	chr3_148899169_A_G_b38	201385	0.5605469	356	453	8.598185983176643e-06	-0.1763373	0.039166436	0.0002073410377549	3.461930459185975e-08	8.777825128793765e-05
ENSG00000144891.17	chr3_148899272_C_G_b38	201488	0.5697211	355	444	9.613493920959492e-06	-0.17754371	0.039653316	0.0002073410377549	3.461930459185975e-08	8.777825128793765e-05
ENSG00000144891.17	chr3_148899284_A_C_b38	201500	0.56200796	355	452	7.349294165677496e-06	-0.17749451	0.039121423	0.0002073410377549	3.461930459185975e-08	8.777825128793765e-05
ENSG00000144891.17	chr3_148899334_T_A_b38	201550	0.5645162	357	449	6.1899127089656825e-06	-0.18161277	0.039698627	0.0002073410377549	3.461930459185975e-08	8.777825128793765e-05
ENSG00000144891.17	chr3_148900010_T_C_b38	202226	0.5622568	355	451	1.0520553123400556e-05	-0.17435805	0.03911798	0.0002073410377549	3.461930459185975e-08	8.777825128793765e-05
ENSG00000144891.17	chr3_148900011_TGAAG_T_b38	202227	0.56128407	355	452	1.3675190350770287e-05	-0.17151423	0.0389969	0.0002073410377549	3.461930459185975e-08	8.777825128793765e-05
ENSG00000144891.17	chr3_148900016_CAG_C_b38	202232	0.56128407	355	452	1.3675190350770287e-05	-0.17151423	0.0389969	0.0002073410377549	3.461930459185975e-08	8.777825128793765e-05
ENSG00000144891.17	chr3_148900019_G_C_b38	202235	0.56152344	356	452	1.2229239637478742e-05	-0.17349309	0.039221585	0.0002073410377549	3.461930459185975e-08	8.777825128793765e-05
ENSG00000144891.17	chr3_148900081_T_C_b38	202297	0.5614035	356	452	1.2417070806919852e-05	-0.1733387	0.039217163	0.0002073410377549	3.461930459185975e-08	8.777825128793765e-05
ENSG00000144891.17	chr3_148900088_A_G_b38	202304	0.56152344	356	452	1.2229239637478742e-05	-0.17349309	0.039221585	0.0002073410377549	3.461930459185975e-08	8.777825128793765e-05
ENSG00000144891.17	chr3_148900157_T_C_b38	202373	0.56213593	355	451	1.067510364908413e-05	-0.17420894	0.03911321	0.0002073410377549	3.461930459185975e-08	8.777825128793765e-05
ENSG00000144891.17	chr3_148900173_C_T_b38	202389	0.56213593	355	451	1.067510364908413e-05	-0.17420894	0.03911321	0.0002073410377549	3.461930459185975e-08	8.777825128793765e-05
ENSG00000144891.17	chr3_148900299_C_T_b38	202515	0.56310683	355	450	1.0186976608504795e-05	-0.17532574	0.039271522	0.0002073410377549	3.461930459185975e-08	8.777825128793765e-05
ENSG00000144891.17	chr3_148900373_G_A_b38	202589	0.56432754	355	449	1.4883386967877388e-05	-0.17256525	0.03940805	0.0002073410377549	3.461930459185975e-08	8.777825128793765e-05
ENSG00000144891.17	chr3_148900389_G_T_b38	202605	0.5625	356	451	1.20273117678688e-05	-0.17422618	0.039353926	0.0002073410377549	3.461930459185975e-08	8.777825128793765e-05
ENSG00000144891.17	chr3_148900559_G_T_b38	202775	0.56457925	355	449	7.401093121543566e-06	-0.17834179	0.039321613	0.0002073410377549	3.461930459185975e-08	8.777825128793765e-05
ENSG00000144891.17	chr3_148900593_G_A_b38	202809	0.56457925	355	449	5.851656441492156e-06	-0.18069004	0.039390955	0.0002073410377549	3.461930459185975e-08	8.777825128793765e-05
ENSG00000144891.17	chr3_148900598_T_A_b38	202814	0.5655578	355	448	2.196005931139955e-05	-0.16897048	0.039389566	0.0002073410377549	3.461930459185975e-08	8.777825128793765e-05
ENSG00000144891.17	chr3_148900635_AATATTAAACTGC_A_b38	202851	0.56164384	357	452	1.805248474482792e-05	-0.17082009	0.039406184	0.0002073410377549	3.461930459185975e-08	8.777825128793765e-05
ENSG00000144891.17	chr3_148901188_G_T_b38	203404	0.57295716	348	440	6.485647429619177e-06	-0.17810257	0.03901869	0.0002073410377549	3.461930459185975e-08	8.777825128793765e-05
ENSG00000144891.17	chr3_148901312_A_G_b38	203528	0.57198447	349	441	7.668439332114855e-06	-0.1771766	0.039132364	0.0002073410377549	3.461930459185975e-08	8.777825128793765e-05
ENSG00000144891.17	chr3_148901623_C_T_b38	203839	0.57198447	349	441	7.7046833701058e-06	-0.1771123	0.03912718	0.0002073410377549	3.461930459185975e-08	8.777825128793765e-05
ENSG00000144891.17	chr3_148901808_C_T_b38	204024	0.5730994	349	440	7.223407818711995e-06	-0.17820045	0.039244037	0.0002073410377549	3.461930459185975e-08	8.777825128793765e-05
ENSG00000144891.17	chr3_148901988_G_A_b38	204204	0.57198447	349	441	8.06780228544698e-06	-0.1767591	0.039137304	0.0002073410377549	3.461930459185975e-08	8.777825128793765e-05
ENSG00000144891.17	chr3_148902923_T_TAA_b38	205139	0.5722656	350	441	1.0514235426018025e-05	-0.17531767	0.039332088	0.0002073410377549	3.461930459185975e-08	8.777825128793765e-05
ENSG00000144891.17	chr3_148902924_T_A_b38	205140	0.56947166	352	444	8.510094430477902e-06	-0.17693768	0.039279826	0.0002073410377549	3.461930459185975e-08	8.777825128793765e-05
ENSG00000144891.17	chr3_148902927_C_A_b38	205143	0.572549	351	441	6.301793838133195e-06	-0.17953883	0.03927902	0.0002073410377549	3.461930459185975e-08	8.777825128793765e-05
ENSG00000144891.17	chr3_148902929_C_A_b38	205145	0.56947166	352	444	8.510094430477902e-06	-0.17693768	0.039279826	0.0002073410377549	3.461930459185975e-08	8.777825128793765e-05
ENSG00000144891.17	chr3_148902974_C_A_b38	205190	0.5703125	351	443	8.377467361303771e-06	-0.17681174	0.039221503	0.0002073410377549	3.461930459185975e-08	8.777825128793765e-05
ENSG00000144891.17	chr3_148903094_A_G_b38	205310	0.5717092	350	442	6.226477914423743e-06	-0.17928183	0.039200176	0.0002073410377549	3.461930459185975e-08	8.777825128793765e-05
ENSG00000144891.17	chr3_148903210_C_A_b38	205426	0.57198447	349	441	7.706874209289176e-06	-0.17716627	0.039139643	0.0002073410377549	3.461930459185975e-08	8.777825128793765e-05
ENSG00000144891.17	chr3_148903254_A_C_b38	205470	0.5721248	349	441	7.961368463483937e-06	-0.17691061	0.03914535	0.0002073410377549	3.461930459185975e-08	8.777825128793765e-05
ENSG00000144891.17	chr3_148903375_A_T_b38	205591	0.57295716	349	440	6.266490187099033e-06	-0.17945153	0.03924934	0.0002073410377549	3.461930459185975e-08	8.777825128793765e-05
ENSG00000144891.17	chr3_148903449_T_G_b38	205665	0.57142854	351	442	4.056910449994686e-06	-0.1837713	0.039379667	0.0002073410377549	3.461930459185975e-08	8.777825128793765e-05
ENSG00000144891.17	chr3_148903601_C_T_b38	205817	0.57198447	349	441	7.106830930903846e-06	-0.17780977	0.03912708	0.0002073410377549	3.461930459185975e-08	8.777825128793765e-05
ENSG00000144891.17	chr3_148903632_C_CA_b38	205848	0.57367384	350	440	4.794947819069661e-06	-0.18266977	0.039449316	0.0002073410377549	3.461930459185975e-08	8.777825128793765e-05
ENSG00000144891.17	chr3_148903702_G_A_b38	205918	0.5700197	352	443	5.243276044746431e-06	-0.18162489	0.03938899	0.0002073410377549	3.461930459185975e-08	8.777825128793765e-05
ENSG00000144891.17	chr3_148903919_C_T_b38	206135	0.5644841	358	449	3.947360275633656e-06	-0.18550636	0.03970127	0.0002073410377549	3.461930459185975e-08	8.777825128793765e-05
ENSG00000144891.17	chr3_148904139_T_C_b38	206355	0.5730994	349	440	9.317266012489279e-06	-0.1761476	0.03928025	0.0002073410377549	3.461930459185975e-08	8.777825128793765e-05
ENSG00000144891.17	chr3_148904650_G_T_b38	206866	0.56042886	355	453	1.3059006363016564e-05	-0.17668863	0.040078305	0.0002073410377549	3.461930459185975e-08	8.777825128793765e-05
ENSG00000144891.17	chr3_148904710_A_G_b38	206926	0.56693715	358	447	7.6066033729771754e-06	-0.1805063	0.03985203	0.0002073410377549	3.461930459185975e-08	8.777825128793765e-05
ENSG00000144891.17	chr3_148905046_G_A_b38	207262	0.57281554	349	440	8.422837451633432e-06	-0.17702635	0.039279554	0.0002073410377549	3.461930459185975e-08	8.777825128793765e-05
ENSG00000144891.17	chr3_148905174_A_G_b38	207390	0.5730994	350	440	1.2640294161646236e-05	-0.17465602	0.039551187	0.0002073410377549	3.461930459185975e-08	8.777825128793765e-05
ENSG00000144891.17	chr3_148905181_T_C_b38	207397	0.57295716	349	440	8.102228543179701e-06	-0.17734244	0.039274674	0.0002073410377549	3.461930459185975e-08	8.777825128793765e-05
ENSG00000144891.17	chr3_148905262_C_T_b38	207478	0.57295716	349	440	8.72907031251107e-06	-0.1766641	0.039268307	0.0002073410377549	3.461930459185975e-08	8.777825128793765e-05
ENSG00000144891.17	chr3_148905299_T_C_b38	207515	0.57198447	350	441	9.68066677063099e-06	-0.1761646	0.039358962	0.0002073410377549	3.461930459185975e-08	8.777825128793765e-05
ENSG00000144891.17	chr3_148905656_C_T_b38	207872	0.57295716	349	440	8.526516007018528e-06	-0.17693514	0.039282996	0.0002073410377549	3.461930459185975e-08	8.777825128793765e-05
ENSG00000144891.17	chr3_148905664_A_G_b38	207880	0.57198447	349	441	1.0190461795223476e-05	-0.17512481	0.039227188	0.0002073410377549	3.461930459185975e-08	8.777825128793765e-05
ENSG00000144891.17	chr3_148905689_A_T_b38	207905	0.56128407	354	452	1.160182602291333e-05	-0.17739661	0.039996795	0.0002073410377549	3.461930459185975e-08	8.777825128793765e-05
ENSG00000144891.17	chr3_148905716_G_C_b38	207932	0.57295716	349	440	8.805300155272925e-06	-0.17668186	0.03928914	0.0002073410377549	3.461930459185975e-08	8.777825128793765e-05
ENSG00000144891.17	chr3_148905841_T_C_b38	208057	0.5640777	352	449	1.736884065671293e-05	-0.17260695	0.039737307	0.0002073410377549	3.461930459185975e-08	8.777825128793765e-05
ENSG00000144891.17	chr3_148905987_C_T_b38	208203	0.5747573	347	438	1.2254287076543206e-05	-0.17226389	0.03894776	0.0002073410377549	3.461930459185975e-08	8.777825128793765e-05
ENSG00000144891.17	chr3_148905996_C_A_b38	208212	0.5749027	347	438	8.83708248303228e-06	-0.17517409	0.038960796	0.0002073410377549	3.461930459185975e-08	8.777825128793765e-05
ENSG00000144891.17	chr3_148906108_C_A_b38	208324	0.5757282	346	437	1.3341658401978347e-05	-0.17151594	0.03894778	0.0002073410377549	3.461930459185975e-08	8.777825128793765e-05
ENSG00000144891.17	chr3_148906240_G_A_b38	208456	0.5757282	346	437	1.3341658401978347e-05	-0.17151594	0.03894778	0.0002073410377549	3.461930459185975e-08	8.777825128793765e-05
ENSG00000144891.17	chr3_148906253_G_A_b38	208469	0.57684827	346	436	1.5106517187492498e-05	-0.17111121	0.039106224	0.0002073410377549	3.461930459185975e-08	8.777825128793765e-05
ENSG00000144891.17	chr3_148906609_C_A_b38	208825	0.5640777	352	449	1.736884065671293e-05	-0.17260695	0.039737307	0.0002073410377549	3.461930459185975e-08	8.777825128793765e-05
ENSG00000144891.17	chr3_148906632_A_G_b38	208848	0.57699805	346	436	1.1059058526486746e-05	-0.1736717	0.039062116	0.0002073410377549	3.461930459185975e-08	8.777825128793765e-05
ENSG00000144891.17	chr3_148907040_G_A_b38	209256	0.5772994	347	436	2.639159840446112e-05	-0.16695951	0.03931208	0.0002073410377549	3.461930459185975e-08	8.777825128793765e-05
ENSG00000144891.17	chr3_148907093_A_G_b38	209309	0.5640777	352	449	1.736884065671293e-05	-0.17260695	0.039737307	0.0002073410377549	3.461930459185975e-08	8.777825128793765e-05
ENSG00000144891.17	chr3_148907180_G_A_b38	209396	0.57587546	346	437	1.2873878564160615e-05	-0.17184745	0.038951665	0.0002073410377549	3.461930459185975e-08	8.777825128793765e-05
ENSG00000144891.17	chr3_148907486_A_AAAGT_b38	209702	0.5749027	347	438	1.212928334194311e-05	-0.17294914	0.039082266	0.0002073410377549	3.461930459185975e-08	8.777825128793765e-05
ENSG00000144891.17	chr3_148907487_GC_G_b38	209703	0.5749027	347	438	1.212928334194311e-05	-0.17294914	0.039082266	0.0002073410377549	3.461930459185975e-08	8.777825128793765e-05
ENSG00000144891.17	chr3_148907591_A_T_b38	209807	0.56188613	355	452	1.6973482171679362e-05	-0.17380664	0.039965026	0.0002073410377549	3.461930459185975e-08	8.777825128793765e-05
ENSG00000180772.6	chrX_115913575_A_G_b38	-257147	0.36575055	254	376	8.585748082001198e-05	0.11451231	0.028888276	0.0003343514341734	1.956331365300086e-09	7.856293249474477e-06
ENSG00000180772.6	chrX_115920747_AAGC_A_b38	-249975	0.40466926	246	416	2.084046858484828e-05	0.11495056	0.026721394	0.0003343514341734	1.956331365300086e-09	7.856293249474477e-06
ENSG00000180772.6	chrX_115923717_T_C_b38	-247005	0.41210938	253	424	6.210819455297679e-05	0.10916805	0.026999656	0.0003343514341734	1.956331365300086e-09	7.856293249474477e-06
ENSG00000180772.6	chrX_115924124_C_T_b38	-246598	0.409901	256	422	0.00013674844932386635	0.104536586	0.02716966	0.0003343514341734	1.956331365300086e-09	7.856293249474477e-06
ENSG00000180772.6	chrX_115925075_G_A_b38	-245647	0.4003945	248	412	0.00014057075384727317	0.104279265	0.02715209	0.0003343514341734	1.956331365300086e-09	7.856293249474477e-06
ENSG00000180772.6	chrX_115926007_C_T_b38	-244715	0.397	252	408	3.476422798062315e-05	0.11448951	0.027374486	0.0003343514341734	1.956331365300086e-09	7.856293249474477e-06
ENSG00000180772.6	chrX_115926075_CAT_C_b38	-244647	0.40392157	248	416	0.0001153965871344753	0.10527796	0.02706132	0.0003343514341734	1.956331365300086e-09	7.856293249474477e-06
ENSG00000180772.6	chrX_115926363_A_T_b38	-244359	0.38832998	248	399	0.00010450969992164034	0.10786355	0.027550295	0.0003343514341734	1.956331365300086e-09	7.856293249474477e-06
ENSG00000180772.6	chrX_115926992_A_AT_b38	-243730	0.4106426	260	422	0.00019700626939729294	0.10309218	0.027460959	0.0003343514341734	1.956331365300086e-09	7.856293249474477e-06
ENSG00000180772.6	chrX_115927615_C_CTTTA_b38	-243107	0.41340208	269	425	0.00023197349991468447	0.10399635	0.028018517	0.0003343514341734	1.956331365300086e-09	7.856293249474477e-06
ENSG00000180772.6	chrX_115927733_A_G_b38	-242989	0.3688172	260	379	0.0002921609149690766	0.10676935	0.029243128	0.0003343514341734	1.956331365300086e-09	7.856293249474477e-06
ENSG00000180772.6	chrX_115927778_C_G_b38	-242944	0.36550975	261	376	0.00014312294653011782	0.113313586	0.029539555	0.0003343514341734	1.956331365300086e-09	7.856293249474477e-06
ENSG00000180772.6	chrX_115929111_G_A_b38	-241611	0.3870968	247	398	0.0001245217368409208	0.10777437	0.027839966	0.0003343514341734	1.956331365300086e-09	7.856293249474477e-06
ENSG00000180772.6	chrX_115930633_A_G_b38	-240089	0.3854806	251	397	6.2783141599224815e-06	0.12751435	0.027892247	0.0003343514341734	1.956331365300086e-09	7.856293249474477e-06
ENSG00000180772.6	chrX_115931314_C_T_b38	-239408	0.3984064	250	410	0.00011475130317500755	0.10649672	0.027364701	0.0003343514341734	1.956331365300086e-09	7.856293249474477e-06
ENSG00000180772.6	chrX_115931494_A_G_b38	-239228	0.3976143	250	409	2.3737295142025755e-05	0.11693375	0.027374096	0.0003343514341734	1.956331365300086e-09	7.856293249474477e-06
ENSG00000180772.6	chrX_115931540_G_A_b38	-239182	0.38911292	249	400	0.00018541367852592175	0.10448248	0.027715756	0.0003343514341734	1.956331365300086e-09	7.856293249474477e-06
ENSG00000180772.6	chrX_116063511_G_A_b38	-107211	0.46105266	303	474	9.782565911115145e-06	0.12809528	0.028634205	0.0003343514341734	1.956331365300086e-09	7.856293249474477e-06
ENSG00000180772.6	chrX_116065203_G_T_b38	-105519	0.47278225	297	486	4.639049665023129e-07	0.13854863	0.02707917	0.0003343514341734	1.956331365300086e-09	7.856293249474477e-06
ENSG00000180772.6	chrX_116065334_C_T_b38	-105388	0.376	246	387	1.1505323169324716e-06	0.13999355	0.028383745	0.0003343514341734	1.956331365300086e-09	7.856293249474477e-06
ENSG00000180772.6	chrX_116065727_C_T_b38	-104995	0.380198	245	391	2.2022030650128345e-06	0.13569571	0.028288182	0.0003343514341734	1.956331365300086e-09	7.856293249474477e-06
ENSG00000180772.6	chrX_116065835_T_C_b38	-104887	0.30059525	198	309	2.742512250080732e-05	0.1285143	0.030323854	0.0003343514341734	1.956331365300086e-09	7.856293249474477e-06
ENSG00000180772.6	chrX_116066339_A_G_b38	-104383	0.4876289	309	502	2.275572475030557e-07	-0.14365993	0.027326452	0.0003343514341734	1.956331365300086e-09	7.856293249474477e-06
ENSG00000180772.6	chrX_116068190_A_C_b38	-102532	0.48221347	296	496	1.0100759354873342e-06	0.13273111	0.02676607	0.0003343514341734	1.956331365300086e-09	7.856293249474477e-06
ENSG00000180772.6	chrX_116071177_C_A_b38	-99545	0.4704684	299	484	1.8049518310611943e-06	0.13335404	0.027559984	0.0003343514341734	1.956331365300086e-09	7.856293249474477e-06
ENSG00000180772.6	chrX_116072919_A_C_b38	-97803	0.32908705	238	338	6.403560801465794e-06	0.14327163	0.03136871	0.0003343514341734	1.956331365300086e-09	7.856293249474477e-06
ENSG00000180772.6	chrX_116073471_A_G_b38	-97251	0.36567163	259	376	1.1086159714237323e-05	0.13350159	0.030030796	0.0003343514341734	1.956331365300086e-09	7.856293249474477e-06
ENSG00000180772.6	chrX_116075125_T_C_b38	-95597	0.45753714	303	471	2.138131773905992e-06	0.1371166	0.028547373	0.0003343514341734	1.956331365300086e-09	7.856293249474477e-06
ENSG00000180772.6	chrX_116077586_C_T_b38	-93136	0.33970276	243	349	4.220665590511446e-06	0.14390759	0.030893961	0.0003343514341734	1.956331365300086e-09	7.856293249474477e-06
ENSG00000180772.6	chrX_116077869_T_C_b38	-92853	0.28350517	203	292	0.0001178649264857802	0.12331271	0.031740446	0.0003343514341734	1.956331365300086e-09	7.856293249474477e-06
ENSG00000180772.6	chrX_116078822_C_T_b38	-91900	0.246063	156	250	9.80522233030333e-06	0.14272642	0.031908512	0.0003343514341734	1.956331365300086e-09	7.856293249474477e-06
ENSG00000180772.6	chrX_116082374_G_A_b38	-88348	0.45824632	299	471	3.0059942942859002e-06	0.13319425	0.028153848	0.0003343514341734	1.956331365300086e-09	7.856293249474477e-06
ENSG00000180772.6	chrX_116082873_C_T_b38	-87849	0.45184427	291	465	5.361689899272727e-06	0.12875724	0.027953083	0.0003343514341734	1.956331365300086e-09	7.856293249474477e-06
ENSG00000180772.6	chrX_116082958_G_C_b38	-87764	0.4531915	301	466	2.954385922996421e-05	0.12086374	0.028636348	0.0003343514341734	1.956331365300086e-09	7.856293249474477e-06
ENSG00000180772.6	chrX_116083408_C_T_b38	-87314	0.45528457	291	468	5.141531346760413e-07	0.14047351	0.027566299	0.0003343514341734	1.956331365300086e-09	7.856293249474477e-06
ENSG00000180772.6	chrX_116083928_A_G_b38	-86794	0.4530272	295	466	3.7628861117904684e-05	0.11751133	0.028223485	0.0003343514341734	1.956331365300086e-09	7.856293249474477e-06
ENSG00000180772.6	chrX_116084139_G_T_b38	-86583	0.4557344	288	469	1.0025665797749614e-06	0.13535598	0.027286971	0.0003343514341734	1.956331365300086e-09	7.856293249474477e-06
ENSG00000180772.6	chrX_116084339_C_T_b38	-86383	0.4487705	289	462	9.37749378919199e-06	0.124439	0.02775832	0.0003343514341734	1.956331365300086e-09	7.856293249474477e-06
ENSG00000180772.6	chrX_116086251_T_G_b38	-84471	0.45124483	294	464	2.934261668327178e-05	0.11780575	0.027901223	0.0003343514341734	1.956331365300086e-09	7.856293249474477e-06
ENSG00000180772.6	chrX_116086334_T_C_b38	-84388	0.44190875	290	455	3.581209016359251e-05	0.116650514	0.027938083	0.0003343514341734	1.956331365300086e-09	7.856293249474477e-06
ENSG00000180772.6	chrX_116086503_TAC_T_b38	-84219	0.46348885	294	477	3.2329391579578037e-05	0.11547194	0.027496787	0.0003343514341734	1.956331365300086e-09	7.856293249474477e-06
ENSG00000180772.6	chrX_116088098_T_C_b38	-82624	0.45564517	288	469	4.404299876659469e-06	0.1276936	0.027467439	0.0003343514341734	1.956331365300086e-09	7.856293249474477e-06
ENSG00000180772.6	chrX_116088428_C_T_b38	-82294	0.43347192	286	446	0.00011673734054531785	0.1089257	0.028019844	0.0003343514341734	1.956331365300086e-09	7.856293249474477e-06
ENSG00000180772.6	chrX_116089425_G_A_b38	-81297	0.47443762	301	488	1.7426908773235838e-06	0.13254456	0.027351191	0.0003343514341734	1.956331365300086e-09	7.856293249474477e-06
ENSG00000180772.6	chrX_116089955_T_C_b38	-80767	0.45833334	285	472	1.2003402555739568e-05	0.11981613	0.027061133	0.0003343514341734	1.956331365300086e-09	7.856293249474477e-06
ENSG00000180772.6	chrX_116089966_C_T_b38	-80756	0.45924452	286	473	2.9214995809174915e-05	0.114698246	0.027158666	0.0003343514341734	1.956331365300086e-09	7.856293249474477e-06
ENSG00000180772.6	chrX_116090020_G_A_b38	-80702	0.45783135	288	471	1.4764644523565469e-05	0.119170465	0.027203178	0.0003343514341734	1.956331365300086e-09	7.856293249474477e-06
ENSG00000180772.6	chrX_116091815_CCCCCTTCT_C_b38	-78907	0.46862745	287	482	1.7458634683201738e-05	0.11594773	0.026700567	0.0003343514341734	1.956331365300086e-09	7.856293249474477e-06
ENSG00000180772.6	chrX_116092060_G_A_b38	-78662	0.4714004	290	485	1.8397445666103658e-05	0.11610291	0.026810432	0.0003343514341734	1.956331365300086e-09	7.856293249474477e-06
ENSG00000180772.6	chrX_116092334_A_G_b38	-78388	0.47544205	292	489	1.8973066428570084e-06	0.12937047	0.026794588	0.0003343514341734	1.956331365300086e-09	7.856293249474477e-06
ENSG00000180772.6	chrX_116092507_C_T_b38	-78215	0.4561753	285	469	2.0953675471911763e-05	0.11716559	0.027244218	0.0003343514341734	1.956331365300086e-09	7.856293249474477e-06
ENSG00000180772.6	chrX_116092653_C_G_b38	-78069	0.47777775	300	492	7.715699166961296e-07	0.13677156	0.027278401	0.0003343514341734	1.956331365300086e-09	7.856293249474477e-06
ENSG00000180772.6	chrX_116092790_C_T_b38	-77932	0.43347192	286	446	1.061786743337565e-05	0.12529674	0.028123884	0.0003343514341734	1.956331365300086e-09	7.856293249474477e-06
ENSG00000180772.6	chrX_116092800_C_A_b38	-77922	0.365625	253	376	1.1131852922191429e-06	0.14501305	0.02936101	0.0003343514341734	1.956331365300086e-09	7.856293249474477e-06
ENSG00000180772.6	chrX_116093258_C_T_b38	-77464	0.44639176	290	459	2.7717038302631865e-06	0.13097522	0.027584074	0.0003343514341734	1.956331365300086e-09	7.856293249474477e-06
ENSG00000180772.6	chrX_116095386_T_G_b38	-75336	0.47890297	310	493	2.716434042623779e-07	-0.14575092	0.027908407	0.0003343514341734	1.956331365300086e-09	7.856293249474477e-06
ENSG00000180772.6	chrX_116096961_G_T_b38	-73761	0.47325104	302	487	5.809420667238829e-06	0.12618959	0.027500201	0.0003343514341734	1.956331365300086e-09	7.856293249474477e-06
ENSG00000180772.6	chrX_116097740_C_T_b38	-72982	0.35971946	235	370	1.0001578511555273e-05	0.12901576	0.028871901	0.0003343514341734	1.956331365300086e-09	7.856293249474477e-06
ENSG00000180772.6	chrX_116098079_C_T_b38	-72643	0.4828283	302	497	4.930637508240301e-07	-0.13803731	0.027043687	0.0003343514341734	1.956331365300086e-09	7.856293249474477e-06
ENSG00000180772.6	chrX_116098638_C_T_b38	-72084	0.436214	285	449	2.1222543855370015e-05	0.12060164	0.028062405	0.0003343514341734	1.956331365300086e-09	7.856293249474477e-06
ENSG00000180772.6	chrX_116099353_T_C_b38	-71369	0.47076613	297	484	6.292167382516834e-07	0.13911845	0.02751978	0.0003343514341734	1.956331365300086e-09	7.856293249474477e-06
ENSG00000180772.6	chrX_116104683_T_G_b38	-66039	0.47160244	298	485	1.0609841802749269e-05	0.12171714	0.027319374	0.0003343514341734	1.956331365300086e-09	7.856293249474477e-06
ENSG00000180772.6	chrX_116105093_A_G_b38	-65629	0.47256097	299	486	5.6707482854822e-06	0.12652528	0.02754166	0.0003343514341734	1.956331365300086e-09	7.856293249474477e-06
ENSG00000180772.6	chrX_116105538_C_G_b38	-65184	0.47469637	299	488	5.971245184111642e-07	0.13865812	0.027371561	0.0003343514341734	1.956331365300086e-09	7.856293249474477e-06
ENSG00000180772.6	chrX_116105845_C_T_b38	-64877	0.3873518	248	398	2.9729027465849546e-06	0.13201837	0.027891386	0.0003343514341734	1.956331365300086e-09	7.856293249474477e-06
ENSG00000180772.6	chrX_116108422_G_C_b38	-62300	0.49103585	303	505	1.4389852950700298e-05	0.119002365	0.027128631	0.0003343514341734	1.956331365300086e-09	7.856293249474477e-06
ENSG00000180772.6	chrX_116110847_C_T_b38	-59875	0.48170733	304	496	9.066083482180344e-06	0.123684175	0.027543707	0.0003343514341734	1.956331365300086e-09	7.856293249474477e-06
ENSG00000180772.6	chrX_116111807_G_A_b38	-58915	0.4041096	253	416	6.115693804172364e-05	0.111881934	0.027645223	0.0003343514341734	1.956331365300086e-09	7.856293249474477e-06
ENSG00000180772.6	chrX_116112957_G_A_b38	-57765	0.4013672	250	413	3.6481583149726215e-06	0.12874182	0.027453149	0.0003343514341734	1.956331365300086e-09	7.856293249474477e-06
ENSG00000180772.6	chrX_116113275_C_G_b38	-57447	0.38356164	240	395	4.066533616819708e-05	0.115856916	0.027949905	0.0003343514341734	1.956331365300086e-09	7.856293249474477e-06
ENSG00000180772.6	chrX_116113833_A_AT_b38	-56889	0.4741036	293	488	8.14830266415122e-06	0.12086571	0.026774658	0.0003343514341734	1.956331365300086e-09	7.856293249474477e-06
ENSG00000180772.6	chrX_116113858_C_T_b38	-56864	0.38229376	249	393	1.2292095931607122e-05	0.12537214	0.02835029	0.0003343514341734	1.956331365300086e-09	7.856293249474477e-06
ENSG00000180772.6	chrX_116113934_A_G_b38	-56788	0.49702972	305	511	3.455709007587396e-06	0.12762281	0.027147215	0.0003343514341734	1.956331365300086e-09	7.856293249474477e-06
ENSG00000180772.6	chrX_116114637_A_C_b38	-56085	0.4918699	309	506	8.99467982388547e-06	0.12435004	0.02768114	0.0003343514341734	1.956331365300086e-09	7.856293249474477e-06
ENSG00000180772.6	chrX_116120775_G_T_b38	-49947	0.4808081	303	495	4.7684591470160965e-06	0.12631093	0.027270995	0.0003343514341734	1.956331365300086e-09	7.856293249474477e-06
ENSG00000180772.6	chrX_116121284_T_C_b38	-49438	0.50494075	304	510	1.1670182202779232e-06	0.13324411	0.02703136	0.0003343514341734	1.956331365300086e-09	7.856293249474477e-06
ENSG00000180772.6	chrX_116121326_G_A_b38	-49396	0.49211046	303	506	6.084574415927577e-06	0.1219899	0.02664379	0.0003343514341734	1.956331365300086e-09	7.856293249474477e-06
ENSG00000180772.6	chrX_116121488_T_C_b38	-49234	0.49901575	306	513	1.5106306979362046e-06	0.13032165	0.026728166	0.0003343514341734	1.956331365300086e-09	7.856293249474477e-06
ENSG00000180772.6	chrX_116121556_C_T_b38	-49166	0.4980198	307	512	1.0942317160832243e-06	0.13271669	0.026852144	0.0003343514341734	1.956331365300086e-09	7.856293249474477e-06
ENSG00000180772.6	chrX_116122621_A_C_b38	-48101	0.39021957	252	401	7.380939108813559e-06	0.12672934	0.027938154	0.0003343514341734	1.956331365300086e-09	7.856293249474477e-06
ENSG00000180772.6	chrX_116122938_T_C_b38	-47784	0.50099015	307	514	4.771907220141e-06	0.12476515	0.026938168	0.0003343514341734	1.956331365300086e-09	7.856293249474477e-06
ENSG00000180772.6	chrX_116123032_T_A_b38	-47690	0.49901763	305	513	1.9257423998310255e-06	0.12849972	0.02663145	0.0003343514341734	1.956331365300086e-09	7.856293249474477e-06
ENSG00000180772.6	chrX_116123106_A_C_b38	-47616	0.38469186	247	396	2.7660064685447255e-05	0.119814746	0.028284438	0.0003343514341734	1.956331365300086e-09	7.856293249474477e-06
ENSG00000180772.6	chrX_116123267_T_C_b38	-47455	0.502	309	513	8.20036478203674e-07	0.13721037	0.027433723	0.0003343514341734	1.956331365300086e-09	7.856293249474477e-06
ENSG00000180772.6	chrX_116123372_G_A_b38	-47350	0.46780688	294	481	3.046362542828658e-07	-0.14289628	0.027480528	0.0003343514341734	1.956331365300086e-09	7.856293249474477e-06
ENSG00000180772.6	chrX_116123407_A_T_b38	-47315	0.4867617	307	501	2.1667285596192733e-06	0.13089631	0.02726821	0.0003343514341734	1.956331365300086e-09	7.856293249474477e-06
ENSG00000180772.6	chrX_116124122_T_C_b38	-46600	0.48891127	306	503	2.9549717583538784e-06	0.12861274	0.027164483	0.0003343514341734	1.956331365300086e-09	7.856293249474477e-06
ENSG00000180772.6	chrX_116124186_C_T_b38	-46536	0.4868421	306	501	3.5436583419249655e-06	0.12762372	0.027178567	0.0003343514341734	1.956331365300086e-09	7.856293249474477e-06
ENSG00000180772.6	chrX_116124613_T_C_b38	-46109	0.38591272	247	397	1.6423573818694422e-05	0.12178519	0.027954858	0.0003343514341734	1.956331365300086e-09	7.856293249474477e-06
ENSG00000180772.6	chrX_116124883_A_G_b38	-45839	0.3910891	249	402	7.203671297826388e-06	0.12574236	0.027687822	0.0003343514341734	1.956331365300086e-09	7.856293249474477e-06
ENSG00000180772.6	chrX_116125061_T_A_b38	-45661	0.499002	309	513	9.803630777853594e-06	0.12203302	0.027281987	0.0003343514341734	1.956331365300086e-09	7.856293249474477e-06
ENSG00000180772.6	chrX_116125265_T_C_b38	-45457	0.49	304	504	4.680717208419645e-06	0.1248689	0.026936226	0.0003343514341734	1.956331365300086e-09	7.856293249474477e-06
ENSG00000180772.6	chrX_116125754_T_C_b38	-44968	0.50496036	305	510	7.900594113193667e-06	0.12267872	0.027135167	0.0003343514341734	1.956331365300086e-09	7.856293249474477e-06
ENSG00000180772.6	chrX_116126184_T_C_b38	-44538	0.38514856	246	396	1.3743263783435831e-05	0.12228878	0.027811708	0.0003343514341734	1.956331365300086e-09	7.856293249474477e-06
ENSG00000180772.6	chrX_116126555_T_C_b38	-44167	0.48987857	308	504	5.648749910496245e-06	0.12551917	0.027317602	0.0003343514341734	1.956331365300086e-09	7.856293249474477e-06
ENSG00000180772.6	chrX_116126566_A_C_b38	-44156	0.47302905	306	487	4.7665174094076625e-06	0.12728342	0.027480435	0.0003343514341734	1.956331365300086e-09	7.856293249474477e-06
ENSG00000180772.6	chrX_116127057_AC_A_b38	-43665	0.3984064	255	410	1.2455793948129926e-06	0.13518617	0.027500335	0.0003343514341734	1.956331365300086e-09	7.856293249474477e-06
ENSG00000180772.6	chrX_116128657_G_A_b38	-42065	0.3639309	262	374	6.987649683257772e-07	0.15289041	0.030371433	0.0003343514341734	1.956331365300086e-09	7.856293249474477e-06
ENSG00000180772.6	chrX_116131038_T_A_b38	-39684	0.35961127	260	370	7.336304390551901e-05	0.123378865	0.030824143	0.0003343514341734	1.956331365300086e-09	7.856293249474477e-06
ENSG00000180772.6	chrX_116132025_T_C_b38	-38697	0.36897275	255	380	0.0003179971809578506	0.108570315	0.029920572	0.0003343514341734	1.956331365300086e-09	7.856293249474477e-06
ENSG00000180772.6	chrX_116137596_T_C_b38	-33126	0.36460555	259	375	3.580365948888734e-06	0.13786456	0.029373273	0.0003343514341734	1.956331365300086e-09	7.856293249474477e-06
ENSG00000180772.6	chrX_116138414_A_C_b38	-32308	0.383	248	394	1.486090328431218e-06	0.13786635	0.028255804	0.0003343514341734	1.956331365300086e-09	7.856293249474477e-06
ENSG00000180772.6	chrX_116139550_T_C_b38	-31172	0.49596775	310	510	6.5157142556889985e-06	0.12645276	0.027709424	0.0003343514341734	1.956331365300086e-09	7.856293249474477e-06
ENSG00000180772.6	chrX_116140502_G_A_b38	-30220	0.4821782	298	496	8.144273578317271e-08	-0.14864138	0.027249001	0.0003343514341734	1.956331365300086e-09	7.856293249474477e-06
ENSG00000180772.6	chrX_116170939_G_A_b38	217	0.46555325	301	479	1.9563319791941897e-09	-0.16324969	0.026637979	0.0003343514341734	1.956331365300086e-09	7.856293249474477e-06
ENSG00000180772.6	chrX_116173577_A_G_b38	2855	0.49695745	308	511	6.666960844326941e-08	-0.14502181	0.026402304	0.0003343514341734	1.956331365300086e-09	7.856293249474477e-06
ENSG00000180772.6	chrX_116173873_A_C_b38	3151	0.48407647	313	498	3.581288466356826e-08	-0.1512766	0.026970651	0.0003343514341734	1.956331365300086e-09	7.856293249474477e-06
ENSG00000180772.6	chrX_116174991_T_G_b38	4269	0.4979592	310	512	6.065657926549654e-07	-0.13316733	0.026304075	0.0003343514341734	1.956331365300086e-09	7.856293249474477e-06
ENSG00000180772.6	chrX_116175201_T_C_b38	4479	0.49794662	312	512	2.4837885363559505e-06	-0.12796876	0.026819477	0.0003343514341734	1.956331365300086e-09	7.856293249474477e-06
ENSG00000180772.6	chrX_116176496_C_T_b38	5774	0.49489793	308	509	3.6656059850778226e-08	-0.15018047	0.026795838	0.0003343514341734	1.956331365300086e-09	7.856293249474477e-06
ENSG00000180772.6	chrX_116177104_AC_A_b38	6382	0.5113402	308	504	2.421389646557172e-07	-0.1425882	0.027185414	0.0003343514341734	1.956331365300086e-09	7.856293249474477e-06
ENSG00000180772.6	chrX_116177475_C_A_b38	6753	0.49301398	302	507	1.4782402486773498e-08	-0.15177983	0.026300233	0.0003343514341734	1.956331365300086e-09	7.856293249474477e-06
ENSG00000180772.6	chrX_116178744_C_T_b38	8022	0.5	302	515	6.742656330189111e-08	-0.14427392	0.02627633	0.0003343514341734	1.956331365300086e-09	7.856293249474477e-06
ENSG00000180772.6	chrX_116179758_G_A_b38	9036	0.5	302	515	4.192693983070558e-08	-0.14589404	0.02614749	0.0003343514341734	1.956331365300086e-09	7.856293249474477e-06
ENSG00000180772.6	chrX_116180006_G_C_b38	9284	0.94422704	36	58	2.2203060450708523e-05	-0.24740079	0.05770711	0.0003343514341734	1.956331365300086e-09	7.856293249474477e-06
ENSG00000180772.6	chrX_116180984_C_T_b38	10262	0.5080972	304	507	1.4400420613112655e-07	-0.14167131	0.026500544	0.0003343514341734	1.956331365300086e-09	7.856293249474477e-06
ENSG00000180772.6	chrX_116181505_A_G_b38	10783	0.5156556	293	499	1.3205861279022494e-06	-0.1279855	0.026099727	0.0003343514341734	1.956331365300086e-09	7.856293249474477e-06
ENSG00000180772.6	chrX_116182141_C_T_b38	11419	0.50489235	298	510	7.568628172314897e-08	-0.14276938	0.026106099	0.0003343514341734	1.956331365300086e-09	7.856293249474477e-06
ENSG00000180772.6	chrX_116182559_A_G_b38	11837	0.5009824	301	514	7.986033337866342e-08	-0.1428274	0.026165342	0.0003343514341734	1.956331365300086e-09	7.856293249474477e-06
ENSG00000180772.6	chrX_116184162_G_A_b38	13440	0.49488756	309	509	1.1042927819405764e-06	-0.13232887	0.026783878	0.0003343514341734	1.956331365300086e-09	7.856293249474477e-06
ENSG00000180772.6	chrX_116184631_T_C_b38	13909	0.50500005	304	510	9.70129293464054e-09	-0.153148	0.026192913	0.0003343514341734	1.956331365300086e-09	7.856293249474477e-06
ENSG00000180772.6	chrX_116185771_T_A_b38	15049	0.47775424	309	492	4.0181208016156105e-07	-0.13966241	0.027144862	0.0003343514341734	1.956331365300086e-09	7.856293249474477e-06
ENSG00000180772.6	chrX_116188917_C_T_b38	18195	0.5071283	308	508	1.8457930489854533e-06	-0.12823674	0.026528085	0.0003343514341734	1.956331365300086e-09	7.856293249474477e-06
ENSG00000180772.6	chrX_116189336_A_G_b38	18614	0.48757765	309	502	1.695236450551049e-07	-0.14236562	0.026788386	0.0003343514341734	1.956331365300086e-09	7.856293249474477e-06
ENSG00000180772.6	chrX_116194351_G_C_b38	23629	0.4916667	312	506	4.079552556784479e-07	-0.13933589	0.027097298	0.0003343514341734	1.956331365300086e-09	7.856293249474477e-06
ENSG00000180772.6	chrX_116195873_C_T_b38	25151	0.50889325	299	506	1.6566977742666414e-07	-0.1399628	0.02631421	0.0003343514341734	1.956331365300086e-09	7.856293249474477e-06
ENSG00000180772.6	chrX_116196087_G_A_b38	25365	0.5049309	300	510	1.947886560485355e-07	-0.13843054	0.026180772	0.0003343514341734	1.956331365300086e-09	7.856293249474477e-06
ENSG00000180772.6	chrX_116196134_C_T_b38	25412	0.50788957	299	507	1.2908910891238087e-07	-0.1403773	0.02615554	0.0003343514341734	1.956331365300086e-09	7.856293249474477e-06
ENSG00000180772.6	chrX_116197080_C_T_b38	26358	0.48015875	296	494	2.1560018593862763e-07	0.13835093	0.02626394	0.0003343514341734	1.956331365300086e-09	7.856293249474477e-06
ENSG00000180772.6	chrX_116197081_A_G_b38	26359	0.48023716	294	494	1.074475433751983e-07	0.14108974	0.026117174	0.0003343514341734	1.956331365300086e-09	7.856293249474477e-06
ENSG00000180772.6	chrX_116197621_T_C_b38	26899	0.47524753	291	489	3.7222091173681925e-07	0.13261278	0.02569878	0.0003343514341734	1.956331365300086e-09	7.856293249474477e-06
ENSG00000180772.6	chrX_116198000_C_T_b38	27278	0.48415843	295	498	2.9972214597783393e-07	0.13562715	0.026066523	0.0003343514341734	1.956331365300086e-09	7.856293249474477e-06
ENSG00000180772.6	chrX_116198226_A_G_b38	27504	0.48400003	297	498	1.7789534503435934e-07	0.1388938	0.026181135	0.0003343514341734	1.956331365300086e-09	7.856293249474477e-06
ENSG00000180772.6	chrX_116198423_C_T_b38	27701	0.48712873	296	501	3.3973587872414655e-08	0.14533378	0.02586609	0.0003343514341734	1.956331365300086e-09	7.856293249474477e-06
ENSG00000180772.6	chrX_116198526_C_T_b38	27804	0.48396793	299	498	3.663341584860986e-06	0.12326819	0.026290942	0.0003343514341734	1.956331365300086e-09	7.856293249474477e-06
ENSG00000180772.6	chrX_116198889_T_A_b38	28167	0.4798793	297	494	3.2866695156020064e-07	0.13619998	0.026268478	0.0003343514341734	1.956331365300086e-09	7.856293249474477e-06
ENSG00000180772.6	chrX_116200033_T_C_b38	29311	0.48383838	300	498	5.2950958885005635e-08	0.14509973	0.026209895	0.0003343514341734	1.956331365300086e-09	7.856293249474477e-06
ENSG00000180772.6	chrX_116200519_A_G_b38	29797	0.47870183	298	493	4.700440935924345e-07	0.13514276	0.026427072	0.0003343514341734	1.956331365300086e-09	7.856293249474477e-06
ENSG00000180772.6	chrX_116201017_T_A_b38	30295	0.21588595	138	212	0.00016419187681406786	0.12483734	0.03284335	0.0003343514341734	1.956331365300086e-09	7.856293249474477e-06
ENSG00000180772.6	chrX_116202374_G_A_b38	31652	0.48582995	301	500	4.21094376873028e-08	0.14653815	0.026266737	0.0003343514341734	1.956331365300086e-09	7.856293249474477e-06
ENSG00000180772.6	chrX_116202913_A_G_b38	32191	0.492126	297	506	1.786786288097865e-07	0.13723893	0.025873354	0.0003343514341734	1.956331365300086e-09	7.856293249474477e-06
ENSG00000180772.6	chrX_116207951_T_C_b38	37229	0.468815	300	482	4.290334769007287e-08	0.1500917	0.026920486	0.0003343514341734	1.956331365300086e-09	7.856293249474477e-06
ENSG00000180772.6	chrX_116208068_T_TTGAC_b38	37346	0.49190283	305	506	8.693851663715553e-08	0.14246191	0.026175644	0.0003343514341734	1.956331365300086e-09	7.856293249474477e-06
ENSG00000180772.6	chrX_116208500_A_G_b38	37778	0.4825462	303	497	2.9485683843488427e-08	0.14962266	0.026505942	0.0003343514341734	1.956331365300086e-09	7.856293249474477e-06
ENSG00000180772.6	chrX_116217020_T_C_b38	46298	0.49002	300	504	7.993161250254143e-08	0.1428584	0.02617183	0.0003343514341734	1.956331365300086e-09	7.856293249474477e-06
ENSG00000180772.6	chrX_116217159_T_C_b38	46437	0.47619048	293	490	3.3848735320445528e-06	0.12292057	0.026122324	0.0003343514341734	1.956331365300086e-09	7.856293249474477e-06
ENSG00000180772.6	chrX_116217689_T_C_b38	46967	0.47920793	294	493	2.665550167043184e-05	0.11067579	0.026073838	0.0003343514341734	1.956331365300086e-09	7.856293249474477e-06
ENSG00000180772.6	chrX_116220636_A_G_b38	49914	0.46169773	297	475	3.8663895508924524e-07	0.13799776	0.026781488	0.0003343514341734	1.956331365300086e-09	7.856293249474477e-06
ENSG00000180772.6	chrX_116222048_T_C_b38	51326	0.47133762	307	485	4.0777963357055526e-07	0.14077899	0.027377488	0.0003343514341734	1.956331365300086e-09	7.856293249474477e-06
ENSG00000180772.6	chrX_116225152_T_C_b38	54430	0.48985803	304	504	1.5928317601853865e-07	0.14025438	0.02633138	0.0003343514341734	1.956331365300086e-09	7.856293249474477e-06
ENSG00000180772.6	chrX_116226190_G_A_b38	55468	0.4293033	278	442	0.00011310359955827581	0.10678918	0.0274143	0.0003343514341734	1.956331365300086e-09	7.856293249474477e-06
ENSG00000180772.6	chrX_116228156_C_A_b38	57434	0.43251532	279	445	0.0002333309163080957	0.1015369	0.027367124	0.0003343514341734	1.956331365300086e-09	7.856293249474477e-06
ENSG00000180772.6	chrX_116229220_A_C_b38	58498	0.42094454	274	433	0.0002394325828450593	0.101756975	0.027476383	0.0003343514341734	1.956331365300086e-09	7.856293249474477e-06
ENSG00000180772.6	chrX_116229229_G_A_b38	58507	0.42164952	275	434	0.00030938576474662103	0.10005053	0.027517317	0.0003343514341734	1.956331365300086e-09	7.856293249474477e-06
ENSG00000180772.6	chrX_116229787_A_G_b38	59065	0.43836978	274	451	0.00016304501213146782	0.101679854	0.026738256	0.0003343514341734	1.956331365300086e-09	7.856293249474477e-06
ENSG00000180772.6	chrX_116230240_G_A_b38	59518	0.48597193	299	500	1.300849428385393e-07	0.14012784	0.026116246	0.0003343514341734	1.956331365300086e-09	7.856293249474477e-06
ENSG00000180772.6	chrX_116230553_T_C_b38	59831	0.47363085	296	487	2.281867090225908e-07	0.13971776	0.026579315	0.0003343514341734	1.956331365300086e-09	7.856293249474477e-06
ENSG00000180772.6	chrX_116234232_T_C_b38	63510	0.47865856	299	493	2.20446635369201e-08	0.15031655	0.02637922	0.0003343514341734	1.956331365300086e-09	7.856293249474477e-06
ENSG00000180772.6	chrX_116240872_C_T_b38	70150	0.41497976	264	427	7.442187617671993e-05	-0.10644864	0.026617773	0.0003343514341734	1.956331365300086e-09	7.856293249474477e-06
ENSG00000180772.6	chrX_116243808_G_C_b38	73086	0.4224652	262	435	7.81010044736708e-05	-0.104025126	0.026089063	0.0003343514341734	1.956331365300086e-09	7.856293249474477e-06
ENSG00000180772.6	chrX_116245537_C_T_b38	74815	0.4168317	258	429	0.00010741011669707253	-0.1020325	0.026106536	0.0003343514341734	1.956331365300086e-09	7.856293249474477e-06
ENSG00000180772.6	chrX_116245644_G_C_b38	74922	0.42367908	258	436	2.3918894756412534e-05	-0.11011438	0.02578837	0.0003343514341734	1.956331365300086e-09	7.856293249474477e-06
ENSG00000180772.6	chrX_116247138_C_T_b38	76416	0.41682976	255	429	2.17442932190981e-05	-0.11147553	0.0259728	0.0003343514341734	1.956331365300086e-09	7.856293249474477e-06
ENSG00000180772.6	chrX_116249747_C_T_b38	79025	0.39205706	255	403	1.241696010187839e-05	-0.118542396	0.026819713	0.0003343514341734	1.956331365300086e-09	7.856293249474477e-06
ENSG00000180772.6	chrX_116250030_C_T_b38	79308	0.42465755	259	437	0.00010650221298372369	-0.10126042	0.025894934	0.0003343514341734	1.956331365300086e-09	7.856293249474477e-06
ENSG00000180772.6	chrX_116251466_C_T_b38	80744	0.41749504	260	430	0.00030762689732584674	-0.09579611	0.026336245	0.0003343514341734	1.956331365300086e-09	7.856293249474477e-06
ENSG00000180772.6	chrX_116251680_T_C_b38	80958	0.42285156	257	435	5.421254321980488e-05	-0.10486192	0.025725141	0.0003343514341734	1.956331365300086e-09	7.856293249474477e-06
ENSG00000180772.6	chrX_116255552_T_G_b38	84830	0.4211577	263	433	0.000160952530366032	-0.09977364	0.026214223	0.0003343514341734	1.956331365300086e-09	7.856293249474477e-06
ENSG00000180772.6	chrX_116256014_T_G_b38	85292	0.4052953	261	417	0.0001961792466203864	-0.10055749	0.026778031	0.0003343514341734	1.956331365300086e-09	7.856293249474477e-06
ENSG00000180772.6	chrX_116256106_A_G_b38	85384	0.41550696	259	427	0.0001229321619816755	-0.10183663	0.026284173	0.0003343514341734	1.956331365300086e-09	7.856293249474477e-06
ENSG00000180772.6	chrX_116257057_C_T_b38	86335	0.39435148	263	406	6.739477957392314e-05	-0.11044815	0.027451312	0.0003343514341734	1.956331365300086e-09	7.856293249474477e-06
ENSG00000180772.6	chrX_116257188_T_C_b38	86466	0.4121339	270	424	0.00016083645794641782	-0.10306915	0.027078765	0.0003343514341734	1.956331365300086e-09	7.856293249474477e-06
ENSG00000180772.6	chrX_116258373_T_C_b38	87651	0.41217566	258	424	0.00013978565798804008	-0.10079968	0.026236378	0.0003343514341734	1.956331365300086e-09	7.856293249474477e-06
ENSG00000180772.6	chrX_116262787_AT_A_b38	92065	0.431677	278	444	5.027178303479975e-05	-0.10888658	0.026593858	0.0003343514341734	1.956331365300086e-09	7.856293249474477e-06
ENSG00000180772.6	chrX_116265855_C_G_b38	95133	0.41581112	267	428	0.00032238526422186467	-0.09780639	0.026981281	0.0003343514341734	1.956331365300086e-09	7.856293249474477e-06
ENSG00000180772.6	chrX_116268619_A_C_b38	97897	0.40833333	269	420	9.297584792559501e-05	-0.10693363	0.027111258	0.0003343514341734	1.956331365300086e-09	7.856293249474477e-06
ENSG00000180772.6	chrX_116335193_T_A_b38	164471	0.051080555	35	52	8.080692719117964e-05	0.25667706	0.06450912	0.0003343514341734	1.956331365300086e-09	7.856293249474477e-06
ENSG00000180772.6	chrX_116337269_T_C_b38	166547	0.45634097	298	470	9.358786154099158e-05	0.10818558	0.027439995	0.0003343514341734	1.956331365300086e-09	7.856293249474477e-06
ENSG00000180772.6	chrX_116339501_A_G_b38	168779	0.4557344	289	469	0.00033185982548481114	0.09923117	0.027432714	0.0003343514341734	1.956331365300086e-09	7.856293249474477e-06
